# oST version 5.0 parameters


[image]

width
2600

height
2128

[narrow_stereo]

camera matrix
1634.783510 0.000000 1287.478992
0.000000 1635.188601 1043.356271
0.000000 0.000000 1.000000

distortion
-0.221344 0.063342 0.000174 0.000147 0.000000

rectification
1.000000 0.000000 0.000000
0.000000 1.000000 0.000000
0.000000 0.000000 1.000000

projection
1399.230835 0.000000 1284.141181 0.000000
0.000000 1474.039429 1038.902037 0.000000
0.000000 0.000000 1.000000 0.000000
